GSM_id	SAMN_ID	disease_status	alt_id_1	alt_id_2	donor_diabetic_type	fastq1	fastq2	hba1c	date	pairing	group	treatment	sex	age	bmi	diabetic_type	cause_death_code	po
GSM4852033	SAMN16533385	T2D	PISA-L13331	Human islets 1 from type 2 diabetic donor	T2D	PISA-L13331_R1.fastq.gz	NA	NA	NA	NA	NA	NA	M	76	24.49	T2D	CVD	PO755
GSM4852034	SAMN16533384	T2D	PISA-L13336	Human islets 2 from type 2 diabetic donor	T2D	PISA-L13336_R1.fastq.gz	NA	NA	NA	NA	NA	NA	M	61	24.62	T2D	Trauma	PO826
GSM4852035	SAMN16533383	T2D	PISA-L13350	Human islets 3 from type 2 diabetic donor	T2D	PISA-L13350_R1.fastq.gz	NA	NA	NA	NA	NA	NA	M	74	27.2	T2D	CVD	PO937
GSM4852036	SAMN16533382	T2D	PISA-L13351	Human islets 4 from type 2 diabetic donor	T2D	PISA-L13351_R1.fastq.gz	NA	NA	NA	NA	NA	NA	F	73	18	T2D	CVD	PO947
GSM4852037	SAMN16533381	T2D	PISA-L13353	Human islets 5 from type 2 diabetic donor	T2D	PISA-L13353_R1.fastq.gz	NA	NA	NA	NA	NA	NA	F	81	23.4	T2D	CVD	PO955
GSM4852038	SAMN16533380	T2D	PISA-L13355	Human islets 6 from type 2 diabetic donor	T2D	PISA-L13355_R1.fastq.gz	NA	NA	NA	NA	NA	NA	M	92	21.9	T2D	CVD	PO958
GSM4852039	SAMN16533379	T2D	PISA-L16178	Human islets 7 from type 2 diabetic donor	T2D	PISA-L16178_R1.fastq.gz	NA	NA	NA	NA	NA	NA	M	62	33.06	T2D	CVD	PO814
GSM4852040	SAMN16533378	T2D	PISA-L16180	Human islets 8 from type 2 diabetic donor	T2D	PISA-L16180_R1.fastq.gz	NA	NA	NA	NA	NA	NA	M	68	27.55	T2D	CVD	PO884
GSM4852041	SAMN16533377	T2D	PISA-L16182	Human islets 9 from type 2 diabetic donor	T2D	PISA-L16182_R1.fastq.gz	NA	NA	NA	NA	NA	NA	F	74	29.38	T2D	CVD	PO761
GSM4852042	SAMN16533411	T2D	PISA-L16188	Human islets 10 from type 2 diabetic donor	T2D	PISA-L16188_R1.fastq.gz	NA	NA	NA	NA	NA	NA	M	76	26.12	T2D	Trauma	PO811
GSM4852043	SAMN16533410	T2D	PISA-L16190	Human islets 11 from type 2 diabetic donor	T2D	PISA-L16190_R1.fastq.gz	NA	NA	NA	NA	NA	NA	M	78	24.49	T2D	CVD	PO822
GSM4852044	SAMN16533387	T2D	PISA-L21683	Human islets 12 from type 2 diabetic donor	T2D	PISA-L21683_R1.fastq.gz	NA	NA	NA	NA	NA	NA	M	78	25.95	T2D	Trauma	PO771
GSM4852045	SAMN16533386	T2D	PISA-L21692	Human islets 13 from type 2 diabetic donor	T2D	PISA-L21692_R1.fastq.gz	NA	NA	NA	NA	NA	NA	M	72	24.22	T2D	CVD	PO837
GSM4852046	SAMN16533356	T2D	PISA-L21705	Human islets 14 from type 2 diabetic donor	T2D	PISA-L21705_R1.fastq.gz	NA	NA	NA	NA	NA	NA	M	72	23.4	T2D	CVD	PO944
GSM4852047	SAMN16533355	T2D	PISA-L21706	Human islets 15 from type 2 diabetic donor	T2D	PISA-L21706_R1.fastq.gz	NA	NA	NA	NA	NA	NA	M	82	22.9	T2D	CVD	PO949
GSM4852048	SAMN16533354	T2D	PISA-L21710	Human islets 16 from type 2 diabetic donor	T2D	PISA-L21710_R1.fastq.gz	NA	NA	NA	NA	NA	NA	M	73	25.5	T2D	CVD	PO969
GSM4852049	SAMN16533391	T2D	PISA-L21711	Human islets 17 from type 2 diabetic donor	T2D	PISA-L21711_R1.fastq.gz	NA	NA	NA	NA	NA	NA	M	64	27.8	T2D	Trauma	PO981
GSM4852050	SAMN16533390	T2D	PISA-L21712	Human islets 18 from type 2 diabetic donor	T2D	PISA-L21712_R1.fastq.gz	NA	NA	NA	NA	NA	NA	M	78	27.7	T2D	CVD	PO983
GSM4852051	SAMN16533389	T2D	PISA-L21713	Human islets 19 from type 2 diabetic donor	T2D	PISA-L21713_R1.fastq.gz	NA	NA	NA	NA	NA	NA	M	75	26.4	T2D	CVD	PO006
GSM4852052	SAMN16533388	T2D	PISA-L21714	Human islets 20 from type 2 diabetic donor	T2D	PISA-L21714_R1.fastq.gz	NA	NA	NA	NA	NA	NA	F	84	22.8	T2D	CVD	PO009
GSM4852053	SAMN16533409	T2D	ULB-T2D080911	Human islets 21 from type 2 diabetic donor	T2D	ULB-T2D080911_R1.fastq.gz	ULB-T2D080911_R2.fastq.gz	NA	9/8/2011	9/8/2011	NA	NA	F	53	33.1	NA	NA	NA
GSM4852054	SAMN16533408	T2D	ULB-T2D101208	Human islets 22 from type 2 diabetic donor	T2D	ULB-T2D101208_R1.fastq.gz	ULB-T2D101208_R2.fastq.gz	NA	12/10/2008	12/10/2008	NA	NA	F	75	29.4	NA	NA	NA
GSM4852055	SAMN16533407	T2D	ULB-T2D111110	Human islets 23 from type 2 diabetic donor	T2D	ULB-T2D111110_R1.fastq.gz	ULB-T2D111110_R2.fastq.gz	NA	11/11/2010	11/11/2010	NA	NA	M	72	32.4	NA	NA	NA
GSM4852056	SAMN16533405	T2D	ULB-T2D150113	Human islets 24 from type 2 diabetic donor	T2D	ULB-T2D150113_R1.fastq.gz	ULB-T2D150113_R2.fastq.gz	NA	1/15/2013	1/15/2013	NA	NA	F	79	21.5	NA	NA	NA
GSM4852057	SAMN16533403	T2D	ULB-T2D180112	Human islets 25 from type 2 diabetic donor	T2D	ULB-T2D180112_R1.fastq.gz	ULB-T2D180112_R2.fastq.gz	NA	1/18/2012	1/18/2012	NA	NA	F	67	33.8	NA	NA	NA
GSM4852058	SAMN16533402	T2D	ULB-T2D230111	Human islets 26 from type 2 diabetic donor	T2D	ULB-T2D230111_R1.fastq.gz	ULB-T2D230111_R2.fastq.gz	NA	1/23/2011	1/23/2011	NA	NA	F	73	27.3	NA	NA	NA
GSM4852059	SAMN16533400	T2D	ULB-T2D261010	Human islets 27 from type 2 diabetic donor	T2D	ULB-T2D261010_R1.fastq.gz	ULB-T2D261010_R2.fastq.gz	NA	10/26/2010	10/26/2010	NA	NA	M	69	27.7	NA	NA	NA
GSM4852060	SAMN16533398	T2D	ULB-T2D310311	Human islets 28 from type 2 diabetic donor	T2D	ULB-T2D310311_R1.fastq.gz	ULB-T2D310311_R2.fastq.gz	NA	3/31/2011	3/31/2011	NA	NA	M	79	24.7	NA	NA	NA
GSM4852061	SAMN16533397	ND	PISA-L13332	Human islets 1 from non-diabetic donor	ND	PISA-L13332_R1.fastq.gz	NA	NA	NA	NA	NA	NA	M	59	19.39	ND	Trauma	PO764
GSM4852062	SAMN16533395	ND	PISA-L13333	Human islets 2 from non-diabetic donor	ND	PISA-L13333_R1.fastq.gz	NA	NA	NA	NA	NA	NA	F	81	24.97	ND	CVD	PO765
GSM4852063	SAMN16533404	ND	PISA-L13334	Human islets 3 from non-diabetic donor	ND	PISA-L13334_R1.fastq.gz	NA	NA	NA	NA	NA	NA	M	39	32.65	ND	CVD	PO784
GSM4852064	SAMN16533394	ND	PISA-L13337	Human islets 4 from non-diabetic donor	ND	PISA-L13337_R1.fastq.gz	NA	NA	NA	NA	NA	NA	F	72	23.88	ND	CVD	PO827
GSM4852065	SAMN16533392	ND	PISA-L13338	Human islets 5 from non-diabetic donor	ND	PISA-L13338_R1.fastq.gz	NA	NA	NA	NA	NA	NA	F	52	23.44	ND	CVD	PO828
GSM4852066	SAMN16533432	ND	PISA-L13339	Human islets 6 from non-diabetic donor	ND	PISA-L13339_R1.fastq.gz	NA	NA	NA	NA	NA	NA	F	50	21.48	ND	CVD	PO854
GSM4852067	SAMN16533431	ND	PISA-L13340	Human islets 7 from non-diabetic donor	ND	PISA-L13340_R1.fastq.gz	NA	NA	NA	NA	NA	NA	F	80	19.53	ND	CVD	PO855
GSM4852068	SAMN16533430	ND	PISA-L13341	Human islets 8 from non-diabetic donor	ND	PISA-L13341_R1.fastq.gz	NA	NA	NA	NA	NA	NA	F	58	24.22	ND	CVD	PO856
GSM4852069	SAMN16533428	ND	PISA-L13342	Human islets 9 from non-diabetic donor	ND	PISA-L13342_R1.fastq.gz	NA	NA	NA	NA	NA	NA	F	71	29.38	ND	CVD	PO860
GSM4852070	SAMN16533427	ND	PISA-L13343	Human islets 10 from non-diabetic donor	ND	PISA-L13343_R1.fastq.gz	NA	NA	NA	NA	NA	NA	M	51	26.23	ND	Trauma	PO876
GSM4852071	SAMN16533425	ND	PISA-L13345	Human islets 11 from non-diabetic donor	ND	PISA-L13345_R1.fastq.gz	NA	NA	NA	NA	NA	NA	F	79	25.71	ND	CVD	PO880
GSM4852072	SAMN16533424	ND	PISA-L13346	Human islets 12 from non-diabetic donor	ND	PISA-L13346_R1.fastq.gz	NA	NA	NA	NA	NA	NA	F	81	20.2	ND	CVD	PO887
GSM4852073	SAMN16533422	ND	PISA-L13347	Human islets 13 from non-diabetic donor	ND	PISA-L13347_R1.fastq.gz	NA	NA	NA	NA	NA	NA	F	67	23.88	ND	CVD	PO891
GSM4852074	SAMN16533421	ND	PISA-L13348	Human islets 14 from non-diabetic donor	ND	PISA-L13348_R1.fastq.gz	NA	NA	NA	NA	NA	NA	F	72	22.03	ND	CVD	PO897
GSM4852075	SAMN16533419	ND	PISA-L13349	Human islets 15 from non-diabetic donor	ND	PISA-L13349_R1.fastq.gz	NA	NA	NA	NA	NA	NA	F	28	20.2	ND	CVD	PO907
GSM4852076	SAMN16533417	ND	PISA-L13352	Human islets 16 from non-diabetic donor	ND	PISA-L13352_R1.fastq.gz	NA	NA	NA	NA	NA	NA	M	69	26.1	ND	CVD	PO951
GSM4852077	SAMN16533415	ND	PISA-L13354	Human islets 17 from non-diabetic donor	ND	PISA-L13354_R1.fastq.gz	NA	NA	NA	NA	NA	NA	F	82	30.1	ND	CVD	PO957
GSM4852078	SAMN16533414	ND	PISA-L16186	Human islets 18 from non-diabetic donor	ND	PISA-L16186_R1.fastq.gz	NA	NA	NA	NA	NA	NA	M	78	23.88	ND	CVD	PO798
GSM4852079	SAMN16533412	ND	PISA-L16187	Human islets 19 from non-diabetic donor	ND	PISA-L16187_R1.fastq.gz	NA	NA	NA	NA	NA	NA	F	68	20.76	ND	CVD	PO804
GSM4852080	SAMN16533436	ND	PISA-L16189	Human islets 20 from non-diabetic donor	ND	PISA-L16189_R1.fastq.gz	NA	NA	NA	NA	NA	NA	F	81	27.34	ND	CVD	PO819
GSM4852081	SAMN16533435	ND	PISA-L16191	Human islets 21 from non-diabetic donor	ND	PISA-L16191_R1.fastq.gz	NA	NA	NA	NA	NA	NA	M	71	25.39	ND	Trauma	PO831
GSM4852082	SAMN16533434	ND	PISA-L16192	Human islets 22 from non-diabetic donor	ND	PISA-L16192_R1.fastq.gz	NA	NA	NA	NA	NA	NA	M	61	32.41	ND	CVD	PO842
GSM4852083	SAMN16533332	ND	PISA-L16193	Human islets 23 from non-diabetic donor	ND	PISA-L16193_R1.fastq.gz	NA	NA	NA	NA	NA	NA	F	86	33.06	ND	CVD	PO848
GSM4852084	SAMN16533331	ND	PISA-L16194	Human islets 24 from non-diabetic donor	ND	PISA-L16194_R1.fastq.gz	NA	NA	NA	NA	NA	NA	M	66	27.78	ND	Trauma	PO865
GSM4852085	SAMN16533330	ND	PISA-L21684	Human islets 25 from non-diabetic donor	ND	PISA-L21684_R1.fastq.gz	NA	NA	NA	NA	NA	NA	M	77	24.22	ND	CVD	PO780
GSM4852086	SAMN16533329	ND	PISA-L21685	Human islets 26 from non-diabetic donor	ND	PISA-L21685_R1.fastq.gz	NA	NA	NA	NA	NA	NA	M	76	24.22	ND	Trauma	PO782
GSM4852087	SAMN16533328	ND	PISA-L21686	Human islets 27 from non-diabetic donor	ND	PISA-L21686_R1.fastq.gz	NA	NA	NA	NA	NA	NA	M	22	19.59	ND	Trauma	PO796
GSM4852088	SAMN16533327	ND	PISA-L21687	Human islets 28 from non-diabetic donor	ND	PISA-L21687_R1.fastq.gz	NA	NA	NA	NA	NA	NA	F	79	27.55	ND	CVD	PO809
GSM4852089	SAMN16533326	ND	PISA-L21688	Human islets 29 from non-diabetic donor	ND	PISA-L21688_R1.fastq.gz	NA	NA	NA	NA	NA	NA	F	56	22.49	ND	CVD	PO812
GSM4852090	SAMN16533322	ND	PISA-L21689	Human islets 30 from non-diabetic donor	ND	PISA-L21689_R1.fastq.gz	NA	NA	NA	NA	NA	NA	F	53	20.76	ND	CVD	PO813
GSM4852091	SAMN16533321	ND	PISA-L21691	Human islets 31 from non-diabetic donor	ND	PISA-L21691_R1.fastq.gz	NA	NA	NA	NA	NA	NA	F	53	41.87	ND	Trauma	PO836
GSM4852092	SAMN16533320	ND	PISA-L21693	Human islets 32 from non-diabetic donor	ND	PISA-L21693_R1.fastq.gz	NA	NA	NA	NA	NA	NA	F	27	24.98	ND	Trauma	PO841
GSM4852093	SAMN16533325	ND	PISA-L21694	Human islets 33 from non-diabetic donor	ND	PISA-L21694_R1.fastq.gz	NA	NA	NA	NA	NA	NA	F	80	23.44	ND	CVD	PO845
GSM4852094	SAMN16533324	ND	PISA-L21695	Human islets 34 from non-diabetic donor	ND	PISA-L21695_R1.fastq.gz	NA	NA	NA	NA	NA	NA	M	50	22.4	ND	CVD	PO849
GSM4852095	SAMN16533323	ND	PISA-L21696	Human islets 35 from non-diabetic donor	ND	PISA-L21696_R1.fastq.gz	NA	NA	NA	NA	NA	NA	M	33	21.8	ND	CVD	PO858
GSM4852096	SAMN16533319	ND	PISA-L21697	Human islets 36 from non-diabetic donor	ND	PISA-L21697_R1.fastq.gz	NA	NA	NA	NA	NA	NA	M	74	26.12	ND	CVD	PO869
GSM4852097	SAMN16533318	ND	PISA-L21698	Human islets 37 from non-diabetic donor	ND	PISA-L21698_R1.fastq.gz	NA	NA	NA	NA	NA	NA	F	78	25.34	ND	CVD	PO871
GSM4852098	SAMN16533317	ND	PISA-L21699	Human islets 38 from non-diabetic donor	ND	PISA-L21699_R1.fastq.gz	NA	NA	NA	NA	NA	NA	M	53	27.78	ND	CVD	PO882
GSM4852099	SAMN16533316	ND	PISA-L21700	Human islets 39 from non-diabetic donor	ND	PISA-L21700_R1.fastq.gz	NA	NA	NA	NA	NA	NA	M	61	24.77	ND	CVD	PO889
GSM4852100	SAMN16533315	ND	PISA-L21701	Human islets 40 from non-diabetic donor	ND	PISA-L21701_R1.fastq.gz	NA	NA	NA	NA	NA	NA	M	63	NA	ND	CVD	PO900
GSM4852101	SAMN16533314	ND	PISA-L21702	Human islets 41 from non-diabetic donor	ND	PISA-L21702_R1.fastq.gz	NA	NA	NA	NA	NA	NA	M	52	30	ND	CVD	PO908
GSM4852102	SAMN16533353	ND	PISA-L21703	Human islets 42 from non-diabetic donor	ND	PISA-L21703_R1.fastq.gz	NA	NA	NA	NA	NA	NA	M	59	27.7	ND	Trauma	PO909
GSM4852103	SAMN16533352	ND	PISA-L21704	Human islets 43 from non-diabetic donor	ND	PISA-L21704_R1.fastq.gz	NA	NA	NA	NA	NA	NA	F	76	19.5	ND	CVD	PO914
GSM4852104	SAMN16533351	ND	PISA-L21707	Human islets 44 from non-diabetic donor	ND	PISA-L21707_R1.fastq.gz	NA	NA	NA	NA	NA	NA	M	82	24.5	ND	CVD	PO952
GSM4852105	SAMN16533350	ND	PISA-L21708	Human islets 45 from non-diabetic donor	ND	PISA-L21708_R1.fastq.gz	NA	NA	NA	NA	NA	NA	F	64	21.3	ND	CVD	PO954
GSM4852106	SAMN16533349	ND	PISA-L21709	Human islets 46 from non-diabetic donor	ND	PISA-L21709_R1.fastq.gz	NA	NA	NA	NA	NA	NA	M	79	25.3	ND	CVD	PO956
GSM4852107	SAMN16533348	ND	ULB-CTL010911	Human islets 47 from non-diabetic donor	ND	ULB-CTL010911_R1.fastq.gz	ULB-CTL010911_R2.fastq.gz	NA	9/1/2011	9/1/2011	ctl	NA	M	56	24.7	NA	NA	NA
GSM4852108	SAMN16533347	ND	ULB-CTL061011ab	Human islets 48 from non-diabetic donor	ND	ULB-CTL061011ab_R1.fastq.gz	ULB-CTL061011ab_R2.fastq.gz	NA	ULB-CTL061011ab	ULB-CTL061011ab	ctl	NA	F	81	25.9	NA	NA	NA
GSM4852109	SAMN16533346	ND	ULB-CTL101208	Human islets 49 from non-diabetic donor	ND	ULB-CTL101208_R1.fastq.gz	ULB-CTL101208_R2.fastq.gz	NA	12/10/2008	12/10/2008	ctl	NA	M	40	26.2	NA	NA	NA
GSM4852110	SAMN16533345	ND	ULB-CTL140912	Human islets 50 from non-diabetic donor	ND	ULB-CTL140912_R1.fastq.gz	ULB-CTL140912_R2.fastq.gz	NA	9/14/2012	9/14/2012	ctl	NA	F	79	29.7	NA	NA	NA
GSM4852111	SAMN16533344	ND	ULB-CTL150711	Human islets 51 from non-diabetic donor	ND	ULB-CTL150711_R1.fastq.gz	ULB-CTL150711_R2.fastq.gz	NA	7/15/2011	7/15/2011	ctl	NA	M	67	24.2	NA	NA	NA
GSM4852112	SAMN16533343	ND	ULB-CTL160606	Human islets 52 from non-diabetic donor	ND	ULB-CTL160606_R1.fastq.gz	ULB-CTL160606_R2.fastq.gz	NA	6/16/2006	6/16/2006	ctl	NA	F	46	25	NA	NA	NA
GSM4852113	SAMN16533342	ND	ULB-CTL190110	Human islets 53 from non-diabetic donor	ND	ULB-CTL190110_R1.fastq.gz	ULB-CTL190110_R2.fastq.gz	NA	1/19/2010	1/19/2010	ctl	NA	F	62	24.8	NA	NA	NA
GSM4852114	SAMN16533341	ND	ULB-CTL190512	Human islets 54 from non-diabetic donor	ND	ULB-CTL190512_R1.fastq.gz	ULB-CTL190512_R2.fastq.gz	NA	5/19/2012	5/19/2012	ctl	NA	M	83	25.9	NA	NA	NA
GSM4852115	SAMN16533340	ND	ULB-CTL220214	Human islets 55 from non-diabetic donor	ND	ULB-CTL220214_R1.fastq.gz	ULB-CTL220214_R2.fastq.gz	NA	2/22/2014	2/22/2014	ctl	NA	F	64	29.4	NA	NA	NA
GSM4852116	SAMN16533339	ND	ULB-CTL220606	Human islets 56 from non-diabetic donor	ND	ULB-CTL220606_R1.fastq.gz	ULB-CTL220606_R2.fastq.gz	NA	6/22/2006	6/22/2006	ctl	NA	M	53	NA	NA	NA	NA
GSM4852117	SAMN16533337	ND	ULB-CTL290114	Human islets 57 from non-diabetic donor	ND	ULB-CTL290114_R1.fastq.gz	ULB-CTL290114_R2.fastq.gz	NA	1/29/2014	1/29/2014	ctl	NA	M	77	24.5	NA	NA	NA
GSM4852118	SAMN16533336	ND	ULB-CTL300609	Human islets 58 from non-diabetic donor	ND	ULB-CTL300609_R1.fastq.gz	ULB-CTL300609_R2.fastq.gz	NA	6/30/2009	6/30/2009	ctl	NA	M	77	25.2	NA	NA	NA
NA	NA	NA	PISA-2014-11-26-D2	NA	NA	PISA-2014-11-26-D2_R1.fastq.gz	PISA-2014-11-26-D2_R2.fastq.gz	NA	11/26/2014	2014-11-26-D2	ctl	D2	NA	NA	NA	NA	NA	NA
NA	NA	NA	PISA-2014-11-26-D4C	NA	NA	PISA-2014-11-26-D4C_R1.fastq.gz	PISA-2014-11-26-D4C_R2.fastq.gz	NA	11/26/2014	2014-11-26-D4	ctl	D4C	NA	NA	NA	NA	NA	NA
NA	NA	NA	PISA-2014-11-26-D4P	NA	NA	PISA-2014-11-26-D4P_R1.fastq.gz	PISA-2014-11-26-D4P_R2.fastq.gz	NA	11/26/2014	2014-11-26-D4	pal	D4P	NA	NA	NA	NA	NA	NA
NA	NA	NA	PISA-2014-11-26-D8C	NA	NA	PISA-2014-11-26-D8C_R1.fastq.gz	PISA-2014-11-26-D8C_R2.fastq.gz	NA	11/26/2014	2014-11-26-D8	ctl	D8C	NA	NA	NA	NA	NA	NA
NA	NA	NA	PISA-2014-11-26-D8P	NA	NA	PISA-2014-11-26-D8P_R1.fastq.gz	PISA-2014-11-26-D8P_R2.fastq.gz	NA	11/26/2014	2014-11-26-D8	pal	D8P	NA	NA	NA	NA	NA	NA
NA	NA	NA	PISA-2014-12-9-D2	NA	NA	PISA-2014-12-9-D2_R1.fastq.gz	PISA-2014-12-9-D2_R2.fastq.gz	NA	12/9/2014	2014-12-9-D2	ctl	D2	NA	NA	NA	NA	NA	NA
NA	NA	NA	PISA-2014-12-9-D4C	NA	NA	PISA-2014-12-9-D4C_R1.fastq.gz	PISA-2014-12-9-D4C_R2.fastq.gz	NA	12/9/2014	2014-12-9-D4	ctl	D4C	NA	NA	NA	NA	NA	NA
NA	NA	NA	PISA-2014-12-9-D4P	NA	NA	PISA-2014-12-9-D4P_R1.fastq.gz	PISA-2014-12-9-D4P_R2.fastq.gz	NA	12/9/2014	2014-12-9-D4	pal	D4P	NA	NA	NA	NA	NA	NA
NA	NA	NA	PISA-2014-12-9-D8C	NA	NA	PISA-2014-12-9-D8C_R1.fastq.gz	PISA-2014-12-9-D8C_R2.fastq.gz	NA	12/9/2014	2014-12-9-D8	ctl	D8C	NA	NA	NA	NA	NA	NA
NA	NA	NA	PISA-2014-12-9-D8P	NA	NA	PISA-2014-12-9-D8P_R1.fastq.gz	PISA-2014-12-9-D8P_R2.fastq.gz	NA	12/9/2014	2014-12-9-D8	pal	D8P	NA	NA	NA	NA	NA	NA
NA	NA	NA	PISA-2015-01-19-D2	NA	NA	PISA-2015-01-19-D2_R1.fastq.gz	PISA-2015-01-19-D2_R2.fastq.gz	NA	1/19/2015	2015-01-19-D2	ctl	D2	NA	NA	NA	NA	NA	NA
NA	NA	NA	PISA-2015-01-19-D4C	NA	NA	PISA-2015-01-19-D4C_R1.fastq.gz	PISA-2015-01-19-D4C_R2.fastq.gz	NA	1/19/2015	2015-01-19-D4	ctl	D4C	NA	NA	NA	NA	NA	NA
NA	NA	NA	PISA-2015-01-19-D4P	NA	NA	PISA-2015-01-19-D4P_R1.fastq.gz	PISA-2015-01-19-D4P_R2.fastq.gz	NA	1/19/2015	2015-01-19-D4	pal	D4P	NA	NA	NA	NA	NA	NA
NA	NA	NA	PISA-2015-01-19-D8C	NA	NA	PISA-2015-01-19-D8C_R1.fastq.gz	PISA-2015-01-19-D8C_R2.fastq.gz	NA	1/19/2015	2015-01-19-D8	ctl	D8C	NA	NA	NA	NA	NA	NA
NA	NA	NA	PISA-2015-01-19-D8P	NA	NA	PISA-2015-01-19-D8P_R1.fastq.gz	PISA-2015-01-19-D8P_R2.fastq.gz	NA	1/19/2015	2015-01-19-D8	pal	D8P	NA	NA	NA	NA	NA	NA
NA	NA	NA	PISA-2015-01-30-D2	NA	NA	PISA-2015-01-30-D2_R1.fastq.gz	PISA-2015-01-30-D2_R2.fastq.gz	NA	1/30/2015	2015-01-30-D2	ctl	D2	NA	NA	NA	NA	NA	NA
NA	NA	NA	PISA-2015-01-30-D4C	NA	NA	PISA-2015-01-30-D4C_R1.fastq.gz	PISA-2015-01-30-D4C_R2.fastq.gz	NA	1/30/2015	2015-01-30-D4	ctl	D4C	NA	NA	NA	NA	NA	NA
NA	NA	NA	PISA-2015-01-30-D4P	NA	NA	PISA-2015-01-30-D4P_R1.fastq.gz	PISA-2015-01-30-D4P_R2.fastq.gz	NA	1/30/2015	2015-01-30-D4	pal	D4P	NA	NA	NA	NA	NA	NA
NA	NA	NA	PISA-2015-01-30-D8C	NA	NA	PISA-2015-01-30-D8C_R1.fastq.gz	PISA-2015-01-30-D8C_R2.fastq.gz	NA	1/30/2015	2015-01-30-D8	ctl	D8C	NA	NA	NA	NA	NA	NA
NA	NA	NA	PISA-2015-01-30-D8P	NA	NA	PISA-2015-01-30-D8P_R1.fastq.gz	PISA-2015-01-30-D8P_R2.fastq.gz	NA	1/30/2015	2015-01-30-D8	pal	D8P	NA	NA	NA	NA	NA	NA
NA	NA	NA	PISA-2015-02-16-D2	NA	NA	PISA-2015-02-16-D2_R1.fastq.gz	PISA-2015-02-16-D2_R2.fastq.gz	NA	2/16/2015	2015-02-16-D2	ctl	D2	NA	NA	NA	NA	NA	NA
NA	NA	NA	PISA-2015-02-16-D4C	NA	NA	PISA-2015-02-16-D4C_R1.fastq.gz	PISA-2015-02-16-D4C_R2.fastq.gz	NA	2/16/2015	2015-02-16-D4	ctl	D4C	NA	NA	NA	NA	NA	NA
NA	NA	NA	PISA-2015-02-16-D4P	NA	NA	PISA-2015-02-16-D4P_R1.fastq.gz	PISA-2015-02-16-D4P_R2.fastq.gz	NA	2/16/2015	2015-02-16-D4	pal	D4P	NA	NA	NA	NA	NA	NA
NA	NA	NA	PISA-2015-02-16-D8P	NA	NA	PISA-2015-02-16-D8P_R1.fastq.gz	PISA-2015-02-16-D8P_R2.fastq.gz	NA	2/16/2015	2015-02-16-D8	pal	D8P	NA	NA	NA	NA	NA	NA
NA	NA	NA	PISA-2015-07-21-D2G	NA	NA	PISA-2015-07-21-D2G_R1.fastq.gz	PISA-2015-07-21-D2G_R2.fastq.gz	NA	7/21/2015	2015-07-21-D2	ctl	D2G	NA	NA	NA	NA	NA	NA
NA	NA	NA	PISA-2015-07-21-D4CG	NA	NA	PISA-2015-07-21-D4CG_R1.fastq.gz	PISA-2015-07-21-D4CG_R2.fastq.gz	NA	7/21/2015	2015-07-21-D4	ctl	D4CG	NA	NA	NA	NA	NA	NA
NA	NA	NA	PISA-2015-07-21-D4P22G	NA	NA	PISA-2015-07-21-D4P22G_R1.fastq.gz	PISA-2015-07-21-D4P22G_R2.fastq.gz	NA	7/21/2015	2015-07-21-D4	pal,glu	D4PG	NA	NA	NA	NA	NA	NA
NA	NA	NA	PISA-2015-07-21-D8CG	NA	NA	PISA-2015-07-21-D8CG_R1.fastq.gz	PISA-2015-07-21-D8CG_R2.fastq.gz	NA	7/21/2015	2015-07-21-D8	ctl	D8CG	NA	NA	NA	NA	NA	NA
NA	NA	NA	PISA-2015-07-21-D8P22G	NA	NA	PISA-2015-07-21-D8P22G_R1.fastq.gz	PISA-2015-07-21-D8P22G_R2.fastq.gz	NA	7/21/2015	2015-07-21-D8	pal,glu	D8PG	NA	NA	NA	NA	NA	NA
NA	NA	NA	PISA-2015-09-16-D2G	NA	NA	PISA-2015-09-16-D2G_R1.fastq.gz	PISA-2015-09-16-D2G_R2.fastq.gz	NA	9/16/2015	2015-09-16-D2	ctl	D2G	NA	NA	NA	NA	NA	NA
NA	NA	NA	PISA-2015-09-16-D4CG	NA	NA	PISA-2015-09-16-D4CG_R1.fastq.gz	PISA-2015-09-16-D4CG_R2.fastq.gz	NA	9/16/2015	2015-09-16-D4	ctl	D4CG	NA	NA	NA	NA	NA	NA
NA	NA	NA	PISA-2015-09-16-D4P22G	NA	NA	PISA-2015-09-16-D4P22G_R1.fastq.gz	PISA-2015-09-16-D4P22G_R2.fastq.gz	NA	9/16/2015	2015-09-16-D4	pal,glu	D4PG	NA	NA	NA	NA	NA	NA
NA	NA	NA	PISA-2015-09-16-D8CG	NA	NA	PISA-2015-09-16-D8CG_R1.fastq.gz	PISA-2015-09-16-D8CG_R2.fastq.gz	NA	9/16/2015	2015-09-16-D8	ctl	D8CG	NA	NA	NA	NA	NA	NA
NA	NA	NA	PISA-2015-09-16-D8P22G	NA	NA	PISA-2015-09-16-D8P22G_R1.fastq.gz	PISA-2015-09-16-D8P22G_R2.fastq.gz	NA	9/16/2015	2015-09-16-D8	pal,glu	D8PG	NA	NA	NA	NA	NA	NA
NA	NA	NA	PISA-2015-11-03-D2G	NA	NA	PISA-2015-11-03-D2G_R1.fastq.gz	PISA-2015-11-03-D2G_R2.fastq.gz	NA	11/3/2015	2015-11-03-D2	ctl	D2G	NA	NA	NA	NA	NA	NA
NA	NA	NA	PISA-2015-11-03-D4CG	NA	NA	PISA-2015-11-03-D4CG_R1.fastq.gz	PISA-2015-11-03-D4CG_R2.fastq.gz	NA	11/3/2015	2015-11-03-D4	ctl	D4CG	NA	NA	NA	NA	NA	NA
NA	NA	NA	PISA-2015-11-03-D4PG	NA	NA	PISA-2015-11-03-D4PG_R1.fastq.gz	PISA-2015-11-03-D4PG_R2.fastq.gz	NA	11/3/2015	2015-11-03-D4	pal,glu	D4PG	NA	NA	NA	NA	NA	NA
NA	NA	NA	PISA-2015-11-03-D8CG	NA	NA	PISA-2015-11-03-D8CG_R1.fastq.gz	PISA-2015-11-03-D8CG_R2.fastq.gz	NA	11/3/2015	2015-11-03-D8	ctl	D8CG	NA	NA	NA	NA	NA	NA
NA	NA	NA	PISA-2015-11-03-D8PG	NA	NA	PISA-2015-11-03-D8PG_R1.fastq.gz	PISA-2015-11-03-D8PG_R2.fastq.gz	NA	11/3/2015	2015-11-03-D8	pal,glu	D8PG	NA	NA	NA	NA	NA	NA
